一	0.9674	5087014
一个	1.0000	1338744
两	0.9963	1157278
三	0.9993	1051776
1	1.0000	905908
3	1.0000	796519
2	1.0000	741801
第一	0.9998	597636
5	1.0000	535582
4	1.0000	525300
一些	0.9999	467507
二	0.9960	445824
四	0.9977	438038
几	0.9950	426215
10	1.0000	411631
很多	1.0000	411426
首	0.9391	367005
6	1.0000	390655
第二	0.9997	334265
余	0.9441	285676
五	0.9971	296585
7	1.0000	285862
8	1.0000	273840
20	1.0000	257531
第三	0.9996	220366
全部	0.9991	215747
左右	0.9709	207777
十	0.9945	207749
9	1.0000	195405
万	0.9767	188066
30	1.0000	188469
半	0.9909	183812
不少	1.0000	183660
大量	0.9996	175524
100	1.0000	170946
12	1.0000	169622
六	0.9973	163708
15	1.0000	151610
11	0.9925	149287
0	1.0000	143578
多次	0.9999	134188
50	1.0000	133351
一下	0.9979	132616
2019	1.0000	132830
许多	0.9998	113088
40	1.0000	107644
200	1.0000	105446
18	1.0000	101156
十分	0.9096	100226
八	0.9944	99567
16	1.0000	99966
13	1.0000	97029
500	1.0000	96943
第四	0.9995	95488
2018	1.0000	94967
14	1.0000	94870
七	0.9954	94348
24	1.0000	91894
百	0.9981	86296
21	1.0000	85610
60	1.0000	82934
一点	0.9941	80977
70	1.0000	77809
17	1.0000	77786
1000	1.0000	76954
25	1.0000	76880
大部分	0.9855	75582
一路	0.9942	76205
众多	0.9999	76001
300	1.0000	75179
亿	0.9673	71076
19	1.0000	72856
90	1.0000	69670
九	0.9959	66328
80	1.0000	66294
多种	0.9997	64484
零	0.9850	63248
2000	1.0000	60775
10%	1.0000	59116
10万	1.0000	57843
22	0.9975	57399
400	1.0000	56431
100%	1.0000	55922
千	0.9970	55081
20%	1.0000	55179
多年	1.0000	53707
％	0.9553	49202
50%	1.0000	51418
28	1.0000	51304
第五	0.9994	50001
23	1.0000	49519
5000	1.0000	49385
3000	1.0000	48556
26	1.0000	47708
30%	1.0000	47438
大多数	0.9991	46747
2017	1.0000	43651
35	1.0000	43147
2016	1.0000	41910
诸多	0.9986	41743
多数	0.9964	41007
十九	1.0000	40304
5%	1.0000	40266
27	1.0000	40174
5万	1.0000	40023
1万	1.0000	39714
360	1.0000	39580
100万	1.0000	39150
120	1.0000	39126
36	1.0000	38710
2015	1.0000	38358
一半	0.9999	38203
31	1.0000	37481
2万	1.0000	36916
29	1.0000	36714
20万	1.0000	36504
32	1.0000	36093
10亿	1.0000	34898
一部分	0.9985	33855
2020	0.9999	33085
150	1.0000	33039
45	1.0000	32668
110	1.0000	32368
3万	1.0000	32237
第六	0.9994	31834
80%	1.0000	31530
50万	1.0000	31029
几十	0.9999	30639
183	1.0000	30340
不久	0.9745	29500
600	1.0000	30268
40%	1.0000	29954
01	1.0000	29920
0167	1.0000	29720
十几	1.0000	29591
若干	0.9897	29253
1亿	1.0000	29072
大宗	0.9944	28007
70%	1.0000	27789
800	1.0000	27704
33	0.9972	27588
1421	1.0000	27491
30万	1.0000	27218
90%	1.0000	26847
少数	0.9567	25610
百万	1.0000	26246
58	1.0000	25959
60%	1.0000	25895
15%	1.0000	25850
1.5	1.0000	25832
2.5	1.0000	25493
4000	1.0000	25488
第七	0.9994	25290
二十	0.9985	24677
163	1.0000	24676
十八	1.0000	24412
1500	1.0000	23915
38	1.0000	23584
34	1.0000	23545
02	1.0000	23539
1000万	1.0000	23430
48	1.0000	23279
700	1.0000	23098
1%	1.0000	23045
2%	1.0000	22817
无数	0.9981	22567
3%	1.0000	21866
2014	1.0000	21725
39	1.0000	21606
55	0.9974	21419
37	1.0000	21260
数十	1.0000	21173
2亿	1.0000	21154
03	1.0000	20869
6000	1.0000	20434
51	1.0000	20364
俩	0.9941	20217
第八	0.9991	19983
500万	1.0000	19743
好几	1.0000	19696
11558578	1.0000	19592
25%	1.0000	19555
65	1.0000	19215
42	1.0000	18916
4万	1.0000	18727
5亿	1.0000	18702
200万	1.0000	18531
130	1.0000	18378
十三	1.0000	17990
百亿	1.0000	17904
十一	0.9980	17866
十二	1.0000	17779
8000	1.0000	17613
46	1.0000	17542
第九	0.9994	17515
5000万	1.0000	17522
百年	0.9970	17339
10000	1.0000	17168
一番	1.0000	17128
3亿	1.0000	16970
2.0	1.0000	16854
一万	0.9999	16798
41	1.0000	16669
52	1.0000	16603
2000万	1.0000	16596
180	1.0000	16589
2013	1.0000	16297
6万	1.0000	16180
43	1.0000	16102
44	0.9926	15873
一百	0.9934	15699
8%	1.0000	15600
04	1.0000	15595
20亿	1.0000	15581
95	1.0000	15529
第十	0.9992	15485
737	1.0000	15424
几百	1.0000	15423
300万	1.0000	15410
64	1.0000	15281
47	1.0000	15176
1200	1.0000	15156
6%	1.0000	15078
75	1.0000	15015
好多	1.0000	14946
千亿	1.0000	14746
49	1.0000	14708
250	1.0000	14599
56	1.0000	14591
99	0.9769	14214
三四	1.0000	14458
15万	1.0000	14303
4%	1.0000	14159
数百	0.9999	14066
大批	0.9994	13970
一两	0.9999	13977
3000万	1.0000	13966
85	1.0000	13709
53	1.0000	13706
三十	0.9995	13699
100亿	1.0000	13687
多样	0.9501	12819
0.5	1.0000	13371
8万	1.0000	13203
一个个	1.0000	13083
160	1.0000	13011
7%	1.0000	12922
第2	1.0000	12885
第1	1.0000	12851
05	1.0000	12846
240	1.0000	12711
54	1.0000	12637
40万	1.0000	12603
60万	1.0000	12572
72	1.0000	12545
88	0.9733	12159
30亿	1.0000	12389
57	1.0000	12384
7000	0.9997	12313
一刻	0.9691	11917
0.01	1.0000	12186
上百	0.9999	12093
09	1.0000	12058
66	0.9881	11828
少量	0.9992	11916
59	1.0000	11893
十五	1.0000	11864
68	1.0000	11840
2012	1.0000	11796
两三	1.0000	11742
140	1.0000	11535
第十一	1.0000	11471
第3	1.0000	11317
几千	0.9999	11312
50亿	1.0000	11245
270	1.0000	11237
12%	1.0000	11044
07	1.0000	10747
上千	0.9985	10690
06	1.0000	10694
第十二	1.0000	10692
62	1.0000	10561
08	1.0000	10542
900	1.0000	10350
128	1.0000	10289
上万	1.0000	10273
万亿	1.0000	10267
350	1.0000	10109
63	1.0000	10067
2500	1.0000	10049
4亿	1.0000	10034
第十三	1.0000	9875
95%	1.0000	9836
数千	0.9997	9824
119	1.0000	9783
1.2	1.0000	9782
十万	1.0000	9774
三分之一	0.9997	9687
丝毫	0.9927	9604
76	1.0000	9660
61	1.0000	9646
98	1.0000	9641
91	1.0000	9623
一下子	0.9960	9568
2011	1.0000	9545
69	1.0000	9459
170	1.0000	9412
86	1.0000	9244
一辈子	1.0000	9214
3.0	1.0000	9188
0.1	1.0000	9177
一千	0.9998	9160
7万	1.0000	9128
67	1.0000	9123
壹	0.9599	8753
35%	1.0000	9103
9%	1.0000	9071
73	1.0000	8885
92	1.0000	8838
96	1.0000	8834
51%	1.0000	8691
双双	0.9658	8378
第4	1.0000	8652
2010	1.0000	8645
105	1.0000	8626
200亿	1.0000	8603
1800	1.0000	8553
78	1.0000	8548
1.5亿	1.0000	8532
3.5	1.0000	8483
6亿	1.0000	8448
89	1.0000	8437
1300	1.0000	8419
12万	1.0000	8330
一点点	0.9996	8177
75%	1.0000	8142
108	1.0000	8133
93	1.0000	8125
101	1.0000	8092
几万	0.9993	8078
71	1.0000	8077
十三五	1.0000	8042
几十万	1.0000	7983
77	0.9932	7917
15亿	1.0000	7928
两万	1.0000	7916
220	1.0000	7901
3500	1.0000	7865
18%	1.0000	7831
一会儿	0.9999	7723
4000万	1.0000	7701
25万	1.0000	7696
十四	1.0000	7696
四十	0.9953	7651
80万	1.0000	7664
97	1.0000	7664
1600	1.0000	7655
74	1.0000	7643
365	1.0000	7547
13%	1.0000	7540
数万	1.0000	7528
79	1.0000	7519
①	1.0000	7505
16%	1.0000	7490
0.2	1.0000	7473
一步步	1.0000	7418
1.5万	1.0000	7403
11%	1.0000	7402
300亿	1.0000	7359
150万	1.0000	7265
数百万	1.0000	7258
第十四	1.0000	7242
400万	1.0000	7236
1.0	1.0000	7174
8亿	1.0000	7139
0.5%	1.0000	7124
②	1.0000	7112
45%	1.0000	7110
亿万	1.0000	7076
87	1.0000	7069
81	1.0000	7037
1000亿	1.0000	7022
22.04	1.0000	7018
82	1.0000	7015
315	1.0000	7014
一阵	1.0000	7012
20000	1.0000	6957
83	1.0000	6955
24%	1.0000	6947
84	1.0000	6929
第5	1.0000	6824
40亿	1.0000	6814
0.3	1.0000	6813
85%	1.0000	6805
9000	1.0000	6801
102	1.0000	6797
500亿	1.0000	6789
1.1	1.0000	6777
12315	1.0000	6762
800万	1.0000	6643
125	1.0000	6607
14%	1.0000	6596
6000万	1.0000	6591
第十五	1.0000	6554
600万	1.0000	6542
半数	0.9974	6520
五万	1.0000	6476
36%	1.0000	6452
1.8	1.0000	6423
一会	0.9010	5773
14.25	1.0000	6398
115	1.0000	6394
一次次	1.0000	6380
103	1.0000	6358
99%	1.0000	6294
94	1.0000	6282
450	1.0000	6215
1500万	1.0000	6214
123	1.0000	6203
4.0	1.0000	6183
2.2	1.0000	6178
7亿	1.0000	6168
0.1%	1.0000	6150
五百	1.0000	6094
第十七	1.0000	6094
1.3	1.0000	6090
五十	0.9964	6011
十六	1.0000	6007
17%	1.0000	6005
12345	1.0000	5981
2000亿	1.0000	5980
1.6	1.0000	5975
1.5%	1.0000	5946
第十八	1.0000	5915
104	1.0000	5903
9万	1.0000	5902
260	1.0000	5861
第6	1.0000	5853
1400	1.0000	5808
上亿	0.9988	5798
终生	0.9476	5482
二三	1.0000	5766
106	1.0000	5734
111	1.0000	5718
第十六	1.0000	5717
70万	1.0000	5709
五千	1.0000	5684
107	1.0000	5659
半天	0.9513	5376
15000	1.0000	5633
0.00	1.0000	5631
1100	1.0000	5631
135	1.0000	5625
4500	1.0000	5619
5.5	1.0000	5606
数千万	1.0000	5590
4.5	1.0000	5585
118	1.0000	5579
0.2%	1.0000	5557
230	1.0000	5555
65%	1.0000	5518
280	1.0000	5513
2009	1.0000	5485
2.4	1.0000	5453
2.1	1.0000	5414
第十九	1.0000	5397
43%	1.0000	5359
0.4	1.0000	5342
18万	1.0000	5334
2008	1.0000	5293
1200万	1.0000	5254
③	1.0000	5231
1.4	1.0000	5222
1.2亿	1.0000	5214
120万	1.0000	5196
十七	1.0000	5195
8000万	1.0000	5187
168	1.0000	5168
四五	1.0000	5162
12亿	1.0000	5155
640	1.0000	5152
大部	0.9638	4952
2.5亿	1.0000	5111
2.3	1.0000	5101
2.5%	1.0000	5094
大半	0.9573	4847
60亿	1.0000	5053
1700	1.0000	5036
000	1.0000	5034
第7	1.0000	5025
190	1.0000	5014
13万	1.0000	5013
286	1.0000	5007
数次	0.9998	5004
109	1.0000	4978
199	1.0000	4968
0.3%	1.0000	4963
三万	1.0000	4934
三千	1.0000	4905
十二五	1.0000	4889
两千	1.0000	4818
数亿	0.9988	4804
数十万	1.0000	4810
210	1.0000	4800
55%	1.0000	4800
112	1.0000	4795
第9	1.0000	4793
114	1.0000	4780
22%	1.0000	4714
11万	1.0000	4712
49%	1.0000	4710
380	1.0000	4709
第二十二	1.0000	4675
750	1.0000	4647
116	1.0000	4631
第11	1.0000	4617
23%	1.0000	4612
201	1.0000	4611
122	1.0000	4600
五六	1.0000	4552
0.6	1.0000	4551
1080	1.0000	4518
618	1.0000	4509
3.1	1.0000	4507
16万	1.0000	4468
几百万	1.0000	4463
12000	1.0000	4444
320	1.0000	4441
14亿	1.0000	4439
第二十	1.0000	4436
1.2万	1.0000	4413
19%	1.0000	4391
三分之二	0.9975	4376
3.2	1.0000	4372
13亿	1.0000	4356
0.8	1.0000	4334
21%	1.0000	4330
175	1.0000	4317
348	1.0000	4306
30000	1.0000	4303
211	1.0000	4302
上百万	1.0000	4291
129	1.0000	4285
117	1.0000	4263
第8	1.0000	4262
2400	1.0000	4251
400亿	1.0000	4247
七十	0.9998	4245
113	1.0000	4230
138	1.0000	4222
七八	1.0000	4203
150亿	1.0000	4176
50000	1.0000	4174
25亿	1.0000	4139
28%	1.0000	4138
四分之一	0.9910	4097
550	1.0000	4118
700万	1.0000	4117
26%	1.0000	4113
14万	1.0000	4109
155	1.0000	4095
数十亿	1.0000	4087
2.5万	1.0000	4077
35万	1.0000	4074
11.11	1.0000	4065
98%	1.0000	4062
322	1.0000	4053
0.4%	1.0000	4027
0.6%	1.0000	3993
6.5	1.0000	3990
90万	1.0000	3980
十几万	1.0000	3955
126	1.0000	3954
33%	1.0000	3951
144	1.0000	3949
5.1	1.0000	3947
第10	1.0000	3941
第12	1.0000	3937
121	1.0000	3925
0.25	1.0000	3923
4.2	1.0000	3875
2800	1.0000	3874
136	1.0000	3866
145	1.0000	3862
010	1.0000	3846
256	1.0000	3844
7000万	1.0000	3832
2600	1.0000	3824
9亿	1.0000	3814
165	1.0000	3812
80亿	1.0000	3811
上千万	1.0000	3766
139	1.0000	3765
2007	1.0000	3764
132	1.0000	3758
3.3	1.0000	3757
7.5	1.0000	3747
999	1.0000	3732
714	1.0000	3731
第二十五	1.0000	3730
27%	1.0000	3699
158	1.0000	3659
0.05	1.0000	3654
2500万	1.0000	3651
600亿	1.0000	3642
六十	1.0000	3638
2200	1.0000	3634
301	1.0000	3632
一亿	1.0000	3593
1.3亿	1.0000	3584
11亿	1.0000	3571
188	1.0000	3553
12306	1.0000	3550
3000亿	1.0000	3549
225	1.0000	3546
18亿	1.0000	3540
498	1.0000	3514
0.9	1.0000	3496
70亿	1.0000	3449
第二十一	1.0000	3436
127	1.0000	3428
32%	1.0000	3419
一整套	1.0000	3403
137	1.0000	3399
650	1.0000	3393
2300	0.9994	3366
133	1.0000	3367
299	1.0000	3363
8.5	1.0000	3359
1万亿	1.0000	3346
330	1.0000	3340
二十万	1.0000	3313
0.02	1.0000	3310
148	1.0000	3310
5.2	1.0000	3290
2001	1.0000	3287
0.7	1.0000	3282
131	1.0000	3282
第14	1.0000	3273
2.6	1.0000	3262
五十万	1.0000	3258
0%	1.0000	3240
2700	1.0000	3238
1900	1.0000	3231
第二十三	1.0000	3228
124	1.0000	3224
310	1.0000	3218
5.0	1.0000	3214
Ⅲ	1.0000	3207
3600	0.9991	3200
2.8	1.0000	3197
八十	1.0000	3197
第二十六	1.0000	3192
两百	1.0000	3185
143	1.0000	3182
480	1.0000	3173
④	1.0000	3169
3.5%	1.0000	3167
17万	1.0000	3165
520	1.0000	3161
三百	1.0000	3158
38%	1.0000	3157
141	1.0000	3147
三五	0.9920	3115
5500	1.0000	3123
198	1.0000	3121
第13	1.0000	3118
4.1	1.0000	3117
0.8%	1.0000	3116
一百万	1.0000	3109
1600万	1.0000	3106
42%	1.0000	3095
1.4亿	1.0000	3094
134	1.0000	3092
1.6亿	1.0000	3090
3200	0.9997	3085
44%	1.0000	3073
2006	1.0000	3072
些许	1.0000	3062
0.7%	1.0000	3060
312	1.0000	3060
第四十六	1.0000	3057
304	1.0000	3038
6.5%	1.0000	3038
1.7	1.0000	3019
少许	0.9997	3018
1.2%	1.0000	3015
1300万	1.0000	3004
1.8亿	1.0000	3003
169	1.0000	3002
1250	1.0000	2992
16亿	1.0000	2985
31%	1.0000	2983
1.3万	1.0000	2980
29%	1.0000	2977
3800	1.0000	2976
37%	1.0000	2957
189	1.0000	2932
3.4	1.0000	2931
第二十四	1.0000	2925
48%	1.0000	2923
二百	1.0000	2911
185	1.0000	2907
一个半	1.0000	2907
1.8万	1.0000	2905
152	1.0000	2894
34%	1.0000	2874
7.5%	1.0000	2866
142	1.0000	2862
一二	0.9986	2847
1.8%	1.0000	2849
45万	1.0000	2849
100000	1.0000	2848
第二十七	1.0000	2848
149	1.0000	2847
46%	1.0000	2834
2100	0.9993	2827
4.5%	1.0000	2814
202	1.0000	2808
2005	1.0000	2803
3.5亿	1.0000	2800
第19	1.0000	2797
250万	1.0000	2796
798	1.0000	2791
147	1.0000	2786
1999	1.0000	2780
3.6	1.0000	2779
第二十八	1.0000	2779
第15	1.0000	2778
420	1.0000	2771
几千万	1.0000	2769
3.5万	1.0000	2767
Ⅱ	1.0000	2766
11:30	1.0000	2756
好久	1.0000	2755
205	1.0000	2751
178	1.0000	2748
5000亿	1.0000	2747
1.6%	1.0000	2741
4.3	1.0000	2732
9000万	1.0000	2731
159	1.0000	2724
157	1.0000	2721
2025	1.0000	2719
156	1.0000	2714
6.0	1.0000	2714
1.1亿	1.0000	2700
1.6万	1.0000	2698
二三十	1.0000	2697
少部分	1.0000	2683
22万	1.0000	2673
001	1.0000	2667
0.00%	1.0000	2664
5.4	1.0000	2664
2.7	1.0000	2651
146	1.0000	2643
980	1.0000	2631
192	1.0000	2627
120亿	1.0000	2621
二十四	1.0000	2620
4000亿	1.0000	2615
97%	1.0000	2612
第22	1.0000	2611
200%	1.0000	2610
298	1.0000	2602
6.1	1.0000	2601
1.3%	1.0000	2600
17亿	1.0000	2596
5.3	1.0000	2590
900万	1.0000	2590
23万	1.0000	2588
第20	1.0000	2580
0.9%	1.0000	2578
2万亿	1.0000	2575
153	1.0000	2573
九十	1.0000	2569
186	1.0000	2562
0.15	1.0000	2547
850	1.0000	2546
35亿	1.0000	2538
130万	1.0000	2533
2.3%	1.0000	2533
47%	1.0000	2531
1.1%	1.0000	2521
28万	1.0000	2518
166	1.0000	2506
180万	1.0000	2502
0.03	1.0000	2501
162	1.0000	2498
5.5%	1.0000	2496
许久	1.0000	2494
6500	1.0000	2492
第16	1.0000	2485
39%	1.0000	2484
7500	1.0000	2478
110万	1.0000	2467
2.4%	1.0000	2465
151	1.0000	2464
1.9%	1.0000	2462
172	1.0000	2457
720	1.0000	2456
1111	1.0000	2447
96%	1.0000	2445
1.7%	1.0000	2444
点1	1.0000	2442
26万	1.0000	2439
1.7亿	1.0000	2436
二万	1.0000	2432
4.4	1.0000	2431
2.2%	1.0000	2428
8:30	1.0000	2426
20:30	1.0000	2419
399	1.0000	2412
52%	1.0000	2411
182	1.0000	2404
24万	1.0000	2393
187	1.0000	2391
2.7%	1.0000	2391
6.2	1.0000	2391
154	1.0000	2387
1.9	1.0000	2385
56%	1.0000	2384
195	1.0000	2379
171	1.0000	2376
第18	1.0000	2376
4800	1.0000	2374
9.5	1.0000	2373
4.5亿	1.0000	2367
54%	1.0000	2363
7.2	1.0000	2358
888	1.0000	2355
万千	0.9915	2335
第三十	1.0000	2348
167	1.0000	2346
1.4%	1.0000	2341
1421183	1.0000	2330
1.4万	1.0000	2320
177	1.0000	2317
4200	1.0000	2315
41%	1.0000	2311
27.28	1.0000	2306
2003	1.0000	2303
160万	1.0000	2298
290	1.0000	2293
800亿	1.0000	2291
215	1.0000	2287
288	1.0000	2286
6.3	1.0000	2280
62%	1.0000	2279
67%	1.0000	2275
340	1.0000	2264
1800万	1.0000	2263
9.9	1.0000	2259
六七	1.0000	2258
21亿	1.0000	2256
3.15	1.0000	2256
第三十二	1.0000	2253
53%	1.0000	2252
2.1%	1.0000	2249
13000	1.0000	2247
8.5%	1.0000	2241
2.4亿	1.0000	2229
2004	1.0000	2225
3.3%	1.0000	2225
21万	1.0000	2221
3.8	1.0000	2220
22亿	1.0000	2217
3.6%	1.0000	2216
235	1.0000	2215
第17	1.0000	2215
58%	1.0000	2213
985	1.0000	2211
2.8%	1.0000	2198
1500亿	1.0000	2196
196	1.0000	2194
4.8	1.0000	2189
0.04	1.0000	2183
140万	1.0000	2173
第21	1.0000	2169
206	1.0000	2166
11000	1.0000	2158
370	1.0000	2157
0.08	1.0000	2151
十亿	1.0000	2146
176	1.0000	2145
181	1.0000	2138
64%	1.0000	2135
3300	0.9995	2125
第二十九	1.0000	2122
173	1.0000	2117
580	1.0000	2117
90亿	1.0000	2116
25000	1.0000	2109
27.29	1.0000	2107
666	1.0000	2106
3.2%	1.0000	2104
11.5	1.0000	2100
3.7%	1.0000	2100
361	1.0000	2100
700亿	1.0000	2097
小部分	1.0000	2096
2900	1.0000	2093
4.5万	1.0000	2092
57%	1.0000	2091
208	1.0000	2087
第三十一	1.0000	2082
302	1.0000	2078
3500万	1.0000	2070
204	1.0000	2068
7.1	1.0000	2066
0755	1.0000	2062
308	1.0000	2062
36万	1.0000	2059
5.8	1.0000	2057
5.7	1.0000	2053
203	1.0000	2041
2.6%	1.0000	2038
二十一	1.0000	2038
174	1.0000	2037
Ⅴ	1.0000	2032
2.9%	1.0000	2027
16:30	1.0000	2019
1100万	1.0000	2011
14000	1.0000	2011
245	1.0000	2011
63%	1.0000	2011
300%	1.0000	2010
14:30	1.0000	2007
19万	1.0000	2006
27万	1.0000	2005
66%	1.0000	2003
1.7万	1.0000	2001
九成	0.9910	1980
17:30	1.0000	1993
350万	1.0000	1991
430	1.0000	1989
4.2%	1.0000	1986
6.7%	1.0000	1983
3.7	1.0000	1979
218	1.0000	1977
787	1.0000	1974
1.1万	1.0000	1972
92%	1.0000	1963
512	1.0000	1962
72%	1.0000	1957
161	1.0000	1953
164	1.0000	1945
68%	1.0000	1938
530	1.0000	1934
78%	1.0000	1933
27亿	1.0000	1927
第（一）	1.0000	1927
179	1.0000	1924
601988	1.0000	1924
二千	1.0000	1922
9.5%	1.0000	1921
第三十三	1.0000	1921
4.6	1.0000	1917
021	1.0000	1915
55万	1.0000	1915
45亿	1.0000	1910
8.1	1.0000	1910
510	1.0000	1908
207	1.0000	1902
810	1.0000	1900
9:30	1.0000	1900
150%	1.0000	1893
6.8%	1.0000	1893
4.9	1.0000	1892
212	1.0000	1890
184	1.0000	1887
2002	1.0000	1886
216	1.0000	1886
1040	1.0000	1885
316	1.0000	1882
75万	1.0000	1874
777	1.0000	1874
0.09	1.0000	1872
5.6	1.0000	1869
二十五	1.0000	1869
第三十八	1.0000	1869
2.6亿	1.0000	1866
020	1.0000	1865
209	1.0000	1865
61%	1.0000	1861
6.8	1.0000	1855
3.1%	1.0000	1852
255	1.0000	1848
2,723	1.0000	1847
65万	1.0000	1845
第三十九	1.0000	1843
第三十五	1.0000	1839
996	1.0000	1832
⑤	1.0000	1829
110亿	1.0000	1826
0.05%	1.0000	1824
1280	1.0000	1823
4.7	1.0000	1820
2.2亿	1.0000	1818
265	1.0000	1812
一点儿	1.0000	1811
2.3亿	1.0000	1809
5.6%	1.0000	1806
6.6%	1.0000	1805
18000	1.0000	1798
23亿	1.0000	1797
4.6%	1.0000	1797
701	1.0000	1796
228	1.0000	1793
千百	1.0000	1793
16000	1.0000	1790
3.8%	1.0000	1790
8888	1.0000	1788
一二三	1.0000	1786
几十亿	1.0000	1784
232	1.0000	1783
第三十四	1.0000	1783
12.5	1.0000	1781
4.9%	1.0000	1781
6.2%	1.0000	1781
950	1.0000	1780
33万	1.0000	1779
6.9%	1.0000	1779
0.06	1.0000	1778
1510	1.0000	1774
3700	1.0000	1769
十分之一	1.0000	1768
88%	1.0000	1764
第四十二	1.0000	1764
19亿	1.0000	1763
第四十八	1.0000	1763
680	1.0000	1760
2.9	1.0000	1757
73%	1.0000	1757
0.07	1.0000	1755
76%	1.0000	1754
337	1.0000	1749
24亿	1.0000	1745
222	1.0000	1741
660	1.0000	1739
1400万	1.0000	1733
28亿	1.0000	1732
三十万	1.0000	1732
83%	1.0000	1727
238	1.0000	1726
213	1.0000	1722
560	1.0000	1722
59%	1.0000	1718
960	1.0000	1710
5.2%	1.0000	1708
4500万	1.0000	1704
499	1.0000	1703
440	1.0000	1702
6.4	1.0000	1702
6.3%	1.0000	1701
2021	1.0000	1700
5.3%	1.0000	1700
599	1.0000	1695
911	1.0000	1695
3.4%	1.0000	1692
第25	1.0000	1692
318	1.0000	1686
二十二	1.0000	1680
32万	1.0000	1679
4600	0.9988	1677
七旬	0.9976	1675
249	1.0000	1676
258	1.0000	1676
214	1.0000	1675
630	1.0000	1675
第23	1.0000	1674
130亿	1.0000	1673
4.8%	1.0000	1670
半点	0.9958	1663
460	1.0000	1667
10.5	1.0000	1663
12.5%	1.0000	1663
855	1.0000	1663
0.25%	1.0000	1661
8.8%	1.0000	1659
第24	1.0000	1658
0.15%	1.0000	1657
10.5%	1.0000	1653
一张张	1.0000	1651
40000	1.0000	1650
38万	1.0000	1649
2.8亿	1.0000	1647
8.8	1.0000	1647
94%	1.0000	1647
3.9	1.0000	1646
片刻	0.9617	1583
4.1%	1.0000	1645
6.4%	1.0000	1645
数百亿	1.0000	1642
0571	1.0000	1640
4.3%	1.0000	1640
5千	1.0000	1640
818	1.0000	1640
2.4万	1.0000	1638
325	1.0000	1634
0.11	1.0000	1633
263	1.0000	1633
34亿	1.0000	1629
7.2%	1.0000	1629
84%	1.0000	1627
四万	1.0000	1625
1:1	1.0000	1622
9.6	1.0000	1622
191	1.0000	1619
5.5亿	1.0000	1615
第三十七	1.0000	1614
8.2%	1.0000	1613
6000亿	1.0000	1610
193	1.0000	1609
7.8%	1.0000	1609
410	1.0000	1606
93%	1.0000	1604
第26	1.0000	1604
0.12	1.0000	1603
268	1.0000	1603
1700万	1.0000	1602
450万	1.0000	1601
4300	0.9988	1598
第35	1.0000	1600
77%	1.0000	1597
高二	0.9524	1519
0.13	1.0000	1594
0531	1.0000	1591
5.4%	1.0000	1590
0.10	1.0000	1588
518	1.0000	1585
194	1.0000	1581
4.7%	1.0000	1581
82%	1.0000	1580
2400万	1.0000	1579
3万亿	1.0000	1578
5.9	1.0000	1578
一条条	1.0000	1578
3.9%	1.0000	1576
401	1.0000	1576
6.6	1.0000	1576
219	1.0000	1575
730	1.0000	1574
197	1.0000	1571
8.3%	1.0000	1570
2.8万	1.0000	1568
0.01%	1.0000	1566
71%	1.0000	1565
2.7亿	1.0000	1562
223	1.0000	1561
819	1.0000	1558
2.6万	1.0000	1553
3400	1.0000	1551
5.1%	1.0000	1550
7.3%	1.0000	1549
1％	1.0000	1548
1200亿	1.0000	1545
Ⅰ	1.0000	1545
74%	1.0000	1544
6.9	1.0000	1543
第四十	1.0000	1542
7.3	1.0000	1539
239	1.0000	1538
170万	1.0000	1537
3900	1.0000	1537
1.9亿	1.0000	1534
5800	1.0000	1534
6.7	1.0000	1534
845	1.0000	1533
第31	1.0000	1530
1.75%	1.0000	1529
0.35	1.0000	1527
234	1.0000	1526
26亿	1.0000	1522
0.14	1.0000	1521
11.4	1.0000	1521
第四十七	1.0000	1519
2.2万	1.0000	1517
八旬	0.9987	1514
6.1%	1.0000	1513
一件件	1.0000	1513
275	1.0000	1510
7.5亿	1.0000	1510
5.7%	1.0000	1508
第（二）	1.0000	1504
180亿	1.0000	1503
333	1.0000	1503
1640	1.0000	1502
5.8%	1.0000	1502
6.5亿	1.0000	1500
0.02%	1.0000	1499
7.0	1.0000	1495
224	1.0000	1490
48万	1.0000	1489
91%	1.0000	1489
99.9%	1.0000	1488
1480	1.0000	1486
3.6亿	1.0000	1486
两面	0.9953	1479
7.4%	1.0000	1485
十四五	1.0000	1485
820	1.0000	1484
408	1.0000	1482
3.2亿	1.0000	1481
160亿	1.0000	1480
4万亿	1.0000	1479
305	1.0000	1478
五分之一	1.0000	1478
226	1.0000	1476
4.4%	1.0000	1475
8.4%	1.0000	1474
二维	0.9973	1466
7.6%	1.0000	1467
233	1.0000	1466
248	1.0000	1465
5200	1.0000	1465
一千万	1.0000	1465
217	1.0000	1464
36亿	1.0000	1464
87%	1.0000	1464
0.18	1.0000	1463
四千	1.0000	1459
第29	1.0000	1459
303	1.0000	1458
86%	1.0000	1457
81%	1.0000	1456
7.7%	1.0000	1453
第四十四	1.0000	1453
第四十九	1.0000	1452
2030	1.0000	1447
8.6%	1.0000	1447
227	1.0000	1441
Ⅳ	1.0000	1441
229	1.0000	1440
二八	0.9972	1432
二三四五	1.0000	1435
251	1.0000	1430
2.1亿	1.0000	1429
8.7%	1.0000	1428
2800万	1.0000	1424
1520	1.0000	1423
7.8	1.0000	1422
8500	1.0000	1422
236	1.0000	1419
3100	1.0000	1419
321	1.0000	1416
第三十六	1.0000	1415
九二	1.0000	1412
220万	1.0000	1410
四五十	1.0000	1409
140亿	1.0000	1407
285	1.0000	1405
1千	1.0000	1403
第四十五	1.0000	1403
264	1.0000	1401
壹佰	1.0000	1401
1490	1.0000	1390
247	1.0000	1390
32亿	1.0000	1390
1980	1.0000	1383
250亿	1.0000	1382
第六十七	1.0000	1380
第四十三	1.0000	1380
7.5万	1.0000	1379
1050	1.0000	1378
2200万	1.0000	1378
数日	0.9004	1239
1350	1.0000	1372
328	1.0000	1370
307	1.0000	1369
2100万	1.0000	1367
237	1.0000	1367
几度	1.0000	1367
第四十一	1.0000	1367
69%	1.0000	1366
8000亿	1.0000	1363
0.16	1.0000	1362
9.0	1.0000	1361
13:30	1.0000	1360
多时	0.9934	1351
17000	1.0000	1359
221	1.0000	1358
246	1.0000	1358
120%	1.0000	1356
二十几	1.0000	1354
10％	1.0000	1353
8.9%	1.0000	1353
338	1.0000	1352
8.1%	1.0000	1351
398	1.0000	1348
二十三	1.0000	1346
1.0%	1.0000	1345
11.1	1.0000	1345
第30	1.0000	1344
2.3万	1.0000	1342
390	1.0000	1342
一天天	1.0000	1342
253	1.0000	1341
9.8%	1.0000	1339
第28	1.0000	1339
306	1.0000	1337
324	1.0000	1336
5600	1.0000	1336
3.2万	1.0000	1332
260万	1.0000	1331
7.9%	1.0000	1329
7.1%	1.0000	1327
7500万	1.0000	1326
0.75	1.0000	1323
5.9%	1.0000	1323
一五	0.9992	1322
10万亿	1.0000	1321
269	1.0000	1321
243	1.0000	1317
第五十二	1.0000	1317
2.1万	1.0000	1316
240万	1.0000	1316
6800	1.0000	1310
2.0%	1.0000	1309
1998	1.0000	1306
一阵子	1.0000	1305
230万	1.0000	1304
9.7%	1.0000	1303
三四十	1.0000	1298
0.03%	1.0000	1297
50％	1.0000	1296
620	1.0000	1295
540	1.0000	1294
33亿	1.0000	1292
470	1.0000	1289
八百	1.0000	1289
29亿	1.0000	1288
10:30	1.0000	1286
2.7万	1.0000	1284
20％	1.0000	1284
6300	1.0000	1284
8.3	1.0000	1281
12.3	1.0000	1280
上百亿	1.0000	1280
388	1.0000	1279
702	1.0000	1279
一大堆	1.0000	1278
3.6万	1.0000	1273
34万	1.0000	1273
89%	1.0000	1271
2080	1.0000	1270
610	1.0000	1270
第27	1.0000	1267
252	1.0000	1264
710	1.0000	1264
241	1.0000	1262
259	1.0000	1260
42万	1.0000	1260
9.3%	1.0000	1260
六旬	0.9976	1256
930	1.0000	1256
1.5万亿	1.0000	1255
5％	1.0000	1253
1.9万	1.0000	1250
244	1.0000	1249
0.75%	1.0000	1246
两亿	1.0000	1246
11.5%	1.0000	1244
402	1.0000	1244
五六十	1.0000	1242
601398	1.0000	1241
231	1.0000	1240
007	1.0000	1239
280万	1.0000	1239
六千	1.0000	1238
1920	1.0000	1237
7.4	1.0000	1237
9.3	1.0000	1237
1.25亿	1.0000	1236
210万	1.0000	1236
601	1.0000	1234
5034	1.0000	1233
0.24	1.0000	1232
270万	1.0000	1232
600036	1.0000	1231
9.4%	1.0000	1231
多多少少	0.9951	1225
650万	1.0000	1230
八千	1.0000	1230
4100	1.0000	1229
一代代	1.0000	1229
242	1.0000	1227
八万	1.0000	1227
第五十五	1.0000	1227
2.9亿	1.0000	1226
46万	1.0000	1220
266	1.0000	1218
0.17	1.0000	1213
13.2	1.0000	1212
550万	1.0000	1212
9.2%	1.0000	1210
309	1.0000	1209
8.4	1.0000	1209
10.2%	1.0000	1207
八九	1.0000	1206
276	1.0000	1205
1499	1.0000	1204
2022	1.0000	1204
第六十三	1.0000	1204
1220	1.0000	1203
501	1.0000	1203
第五十	1.0000	1203
79%	1.0000	1201
9.1%	1.0000	1201
百倍	1.0000	1200
261	1.0000	1199
4400	0.9992	1198
6.5万	1.0000	1197
5400	1.0000	1196
85万	1.0000	1192
3.25%	1.0000	1190
4008	1.0000	1190
0.08%	1.0000	1189
0万	1.0000	1188
8.0	1.0000	1188
第36	1.0000	1187
7200	1.0000	1184
一幅幅	1.0000	1184
四百	1.0000	1184
第32	1.0000	1182
1060	1.0000	1180
1503	1.0000	1179
9.1	1.0000	1179
3200万	1.0000	1178
35000	1.0000	1177
490	1.0000	1177
880	1.0000	1177
37万	1.0000	1175
许许多多	1.0000	1175
3.0%	1.0000	1174
13.5%	1.0000	1173
55亿	1.0000	1173
2千	1.0000	1171
10.1	1.0000	1168
09:30	1.0000	1167
15:30	1.0000	1167
9.9%	1.0000	1166
5.5万	1.0000	1165
0.06%	1.0000	1161
29万	1.0000	1161
两手	0.9905	1149
60000	1.0000	1159
0.09%	1.0000	1158
12331	1.0000	1158
19:30	1.0000	1157
9.6%	1.0000	1157
38亿	1.0000	1156
66万	1.0000	1156
0.22	1.0000	1155
几亿	1.0000	1155
9.2	1.0000	1154
0.26	1.0000	1153
11.2	1.0000	1152
31亿	1.0000	1149
289	1.0000	1148
375	1.0000	1146
5500万	1.0000	1141
10.8%	1.0000	1140
11.3	1.0000	1138
第五十八	1.0000	1138
404	1.0000	1137
10086	1.0000	1135
271	1.0000	1135
1.25	1.0000	1133
六万	1.0000	1133
272	1.0000	1131
05分	1.0000	1130
590	1.0000	1128
319	1.0000	1127
600016	1.0000	1127
10.3%	1.0000	1125
368	1.0000	1125
第33	1.0000	1124
699	1.0000	1123
0.45	1.0000	1121
第六十四	1.0000	1121
31万	1.0000	1120
2300万	1.0000	1119
5700	1.0000	1119
21:30	1.0000	1117
570	1.0000	1117
1.05亿	1.0000	1113
190万	1.0000	1113
9800	1.0000	1113
好些	1.0000	1113
0.11%	1.0000	1112
350亿	1.0000	1112
百分之	0.9946	1104
317	1.0000	1109
9999	1.0000	1108
0.04%	1.0000	1107
0.19	1.0000	1107
254	1.0000	1107
2500亿	1.0000	1105
508	1.0000	1104
七八十	1.0000	1104
277	1.0000	1103
6400	1.0000	1100
第五十九	1.0000	1100
262	1.0000	1099
405	1.0000	1099
588	1.0000	1097
1450	1.0000	1096
267	1.0000	1094
第（三）	1.0000	1091
295	1.0000	1089
3.8亿	1.0000	1089
7.6	1.0000	1089
3.4亿	1.0000	1088
760	1.0000	1088
0.12%	1.0000	1087
5100	1.0000	1086
990	1.0000	1085
2345	0.9991	1083
284	1.0000	1083
3.3亿	1.0000	1083
6500万	1.0000	1083
7.7	1.0000	1083
46亿	1.0000	1081
一座座	1.0000	1081
283	1.0000	1079
601318	1.0000	1079
331	1.0000	1078
170亿	1.0000	1077
6600	1.0000	1077
7000亿	1.0000	1072
799	1.0000	1072
4700	1.0000	1071
278	1.0000	1069
75亿	1.0000	1069
10.6%	1.0000	1068
0431	1.0000	1063
1515	1.0000	1063
⑥	1.0000	1063
0.07%	1.0000	1058
4.8亿	1.0000	1057
279	1.0000	1055
双十二	1.0000	1055
296	1.0000	1054
335	1.0000	1054
4800万	1.0000	1053
68万	1.0000	1052
1505	1.0000	1051
1650	1.0000	1050
345	1.0000	1049
750万	1.0000	1049
780	1.0000	1049
11.4%	1.0000	1046
3600万	1.0000	1045
65亿	1.0000	1045
第五十七	1.0000	1045
一大半	1.0000	1043
1680	1.0000	1041
第40	1.0000	1040
311	1.0000	1038
326	1.0000	1036
第六十	1.0000	1035
502	1.0000	1033
273	1.0000	1032
3.8万	1.0000	1031
15.6	1.0000	1029
355	1.0000	1027
1996	1.0000	1026
52万	1.0000	1026
1230	1.0000	1025
369	1.0000	1025
670	1.0000	1025
1.00	1.0000	1024
19.9	1.0000	1024
358	1.0000	1022
3千	1.0000	1022
一道道	1.0000	1022
43万	1.0000	1021
0.28	1.0000	1020
2700万	1.0000	1018
525	1.0000	1018
920	1.0000	1016
2408241	1.0000	1015
37亿	1.0000	1015
5212006001	1.0000	1014
970	1.0000	1014
2600万	1.0000	1013
520000000029527	1.0000	1013
293	1.0000	1012
1212	1.0000	1009
58万	1.0000	1009
14.5%	1.0000	1007
8800	1.0000	1006
11.7%	1.0000	1005
13.5	1.0000	1005
336	1.0000	1003
8.6	1.0000	1002
1.50%	1.0000	1001
30％	1.0000	1001
9.7	1.0000	1001
9500	1.0000	1001
0.21	1.0000	1000
0731	1.0000	999
346	1.0000	999
0851	1.0000	998
0.35%	1.0000	996
5万亿	1.0000	995
5300	0.9990	993
601628	1.0000	994
一幕幕	1.0000	994
0.20	1.0000	993
11.8%	1.0000	992
0.13%	1.0000	991
11.3%	1.0000	991
11.9%	1.0000	990
第五十三	1.0000	989
0.29%	1.0000	987
三十六	1.0000	987
860	1.0000	986
4.2亿	1.0000	985
42亿	1.0000	985
314	1.0000	984
490万	1.0000	984
900亿	1.0000	984
8.5亿	1.0000	982
10.4%	1.0000	981
0.17%	1.0000	980
0.27	1.0000	979
10.1%	1.0000	979
六七十	1.0000	978
17.5	1.0000	976
100％	1.0000	971
8200	1.0000	970
95万	1.0000	970
两三百	1.0000	970
第43	1.0000	970
11.6	1.0000	969
第九十一	1.0000	968
0.14%	1.0000	966
0.18%	1.0000	966
0.33%	1.0000	966
488	1.0000	965
半生	0.9865	952
1688	1.0000	961
601166	1.0000	961
52亿	1.0000	959
一排排	1.0000	959
48亿	1.0000	957
10.7%	1.0000	956
2.25%	1.0000	956
24000	1.0000	956
601939	1.0000	956
029	1.0000	955
0.33	1.0000	952
12.1	1.0000	949
12.6%	1.0000	949
327	1.0000	947
47万	1.0000	946
450亿	1.0000	945
56万	1.0000	945
357	1.0000	944
0.23	1.0000	943
257	1.0000	943
11.6%	1.0000	942
292	1.0000	942
1.75	1.0000	941
282	1.0000	940
7.9	1.0000	939
0.32	1.0000	938
10.2	1.0000	937
12.3%	1.0000	937
1.35亿	1.0000	936
840	1.0000	935
287	1.0000	933
360万	1.0000	931
12369	1.0000	930
9.8	1.0000	930
028	1.0000	929
第38	1.0000	929
1997	1.0000	927
339	1.0000	927
3.3万	1.0000	925
第37	1.0000	925
2999	1.0000	924
598	1.0000	924
313	1.0000	923
351	1.0000	923
1995	1.0000	921
0.29	1.0000	918
002	1.0000	918
403	1.0000	918
第42	1.0000	916
第一百九十三	1.0000	914
1001	1.0000	913
505	1.0000	912
四分之三	0.9989	909
10.9%	1.0000	909
1600亿	1.0000	909
294	1.0000	908
4.3亿	1.0000	905
0.55	1.0000	904
291	1.0000	904
12.1%	1.0000	903
1300亿	1.0000	903
281	1.0000	903
863	1.0000	903
一项项	1.0000	903
1.2万亿	1.0000	902
第34	1.0000	902
第五十六	1.0000	902
3.7亿	1.0000	901
两个半	1.0000	901
13.2%	1.0000	900
385	1.0000	900
6200	1.0000	900
第44	1.0000	900
0.36	1.0000	899
13.8%	1.0000	899
0.19%	1.0000	898
000061	1.0000	898
3.1亿	1.0000	898
三百万	1.0000	898
1900万	1.0000	897
二分之一	0.9933	891
51万	1.0000	896
329	1.0000	895
362	1.0000	895
0.16%	1.0000	894
0769	1.0000	894
260亿	1.0000	894
366	1.0000	893
43亿	1.0000	892
第39	1.0000	892
1912	1.0000	891
323	1.0000	891
690	1.0000	891
708	1.0000	891
601328	1.0000	889
747	1.0000	888
7800	1.0000	888
1750	1.0000	887
555	1.0000	887
两三千	1.0000	887
4.2万	1.0000	886
一批批	1.0000	883
39万	1.0000	881
一两百	1.0000	881
22000	1.0000	880
274	1.0000	880
二十六	0.9977	878
1660	1.0000	877
第五十一	1.0000	873
0.22%	1.0000	872
12.8%	1.0000	872
352	1.0000	871
0105	1.0000	870
12123	1.0000	870
1.06亿	1.0000	869
百分之五十	1.0000	869
0371	1.0000	868
11.2%	1.0000	868
1508	1.0000	868
0.95	1.0000	867
1150	1.0000	867
十几亿	1.0000	867
第49	1.0000	867
第41	1.0000	865
349	1.0000	863
425	1.0000	863
1.15亿	1.0000	862
4.6亿	1.0000	862
80000	1.0000	860
1901	1.0000	859
3300万	1.0000	859
600030	1.0000	858
五百万	1.0000	858
10.4	1.0000	855
16.8%	1.0000	855
44亿	1.0000	855
531	1.0000	855
8.9	1.0000	855
13.72	1.0000	854
11.1%	1.0000	853
8.7	1.0000	852
9.4	1.0000	851
1260	1.0000	850
300104	1.0000	850
600519	1.0000	850
297	1.0000	848
356	1.0000	848
515	1.0000	846
0532	1.0000	845
6.0%	1.0000	843
0.23%	1.0000	841
0.31	1.0000	841
363	1.0000	839
418	1.0000	839
第46	1.0000	839
0.0000	1.0000	838
15.6%	1.0000	838
1990	1.0000	838
53万	1.0000	838
13.7%	1.0000	837
1.15	1.0000	834
0.10%	1.0000	833
220亿	1.0000	831
415	1.0000	831
603883	1.0000	831
998	1.0000	831
1905	1.0000	830
二十八	1.0000	830
1240	1.0000	829
497	1.0000	829
88万	1.0000	829
14.6%	1.0000	827
400%	1.0000	827
1.08亿	1.0000	825
12.4%	1.0000	825
4.8万	1.0000	824
1.27亿	1.0000	823
12.2%	1.0000	823
2.9万	1.0000	823
0.34	1.0000	822
105万	1.0000	822
13.4%	1.0000	821
16.7%	1.0000	821
3.4万	1.0000	821
一遍遍	1.0000	820
1.28亿	1.0000	819
0.85	1.0000	818
1.23亿	1.0000	818
1299	1.0000	818
28000	1.0000	817
万分之五	1.0000	817
1518	1.0000	816
435	1.0000	816
1.18亿	1.0000	815
13.6%	1.0000	815
12.8万	1.0000	814
835	1.0000	814
1550	1.0000	813
22:30	1.0000	813
600000	1.0000	813
899	1.0000	813
万年	1.0000	813
16.5%	1.0000	811
0931	1.0000	810
354	1.0000	810
15.5%	1.0000	809
第五十四	1.0000	809
332	1.0000	807
601998	1.0000	807
8.5万	1.0000	806
808	1.0000	804
122亿	1.0000	803
13.3%	1.0000	803
19000	1.0000	803
456	1.0000	803
4999	1.0000	803
1850	1.0000	802
8千	1.0000	802
第六十二	1.0000	802
0.38	1.0000	801
47亿	1.0000	801
750亿	1.0000	800
025	1.0000	799
330万	1.0000	799
一场场	1.0000	799
1.29亿	1.0000	798
13.1%	1.0000	798
320万	1.0000	798
1.02亿	1.0000	797
1290	1.0000	797
23000	1.0000	797
两千万	1.0000	797
第45	1.0000	797
18:30	1.0000	796
334	1.0000	796
359	1.0000	796
41万	1.0000	796
0791	1.0000	795
2％	1.0000	794
740	1.0000	794
0.37%	1.0000	793
428	1.0000	793
44万	1.0000	793
13.3	1.0000	792
一阵阵	1.0000	791
第七十	1.0000	791
0.30	1.0000	790
1.03亿	1.0000	790
421	1.0000	790
0.37	1.0000	789
5.2亿	1.0000	789
6.3亿	1.0000	789
801	1.0000	789
344	1.0000	788
0.42	1.0000	787
26000	1.0000	787
8848	1.0000	787
80％	1.0000	785
12.9%	1.0000	784
第50	1.0000	784
341	1.0000	783
0.21%	1.0000	782
290万	1.0000	782
10.3	1.0000	781
14.3%	1.0000	781
第六十八	1.0000	781
第九十二	1.0000	779
0.58%	1.0000	777
1.37亿	1.0000	777
130%	1.0000	777
57万	1.0000	777
二七	0.9704	754
343	1.0000	776
4千	1.0000	776
406	1.0000	775
62万	1.0000	775
0351	1.0000	773
0898	1.0000	772
14.7%	1.0000	772
17.3%	1.0000	771
8500万	1.0000	771
百分之一	1.0000	769
二十九	1.0000	768
0.26%	1.0000	767
15.3%	1.0000	767
0.28%	1.0000	766
0.42%	1.0000	766
1100亿	1.0000	765
1234	1.0000	765
445	1.0000	765
1.85亿	1.0000	764
45000	1.0000	763
14.4%	1.0000	762
1.13亿	1.0000	761
一片片	1.0000	761
34680	1.0000	759
百分之十	1.0000	759
2050	1.0000	758
347	1.0000	758
0.65%	1.0000	757
1.26亿	1.0000	757
601288	1.0000	757
零七	0.9419	713
1:3	1.0000	756
4900	1.0000	756
364	1.0000	755
1.05	1.0000	754
386	1.0000	754
416	1.0000	754
78万	1.0000	754
384	1.0000	753
7.0%	1.0000	753
0.66%	1.0000	752
10.5亿	1.0000	751
1320	1.0000	751
1.3万亿	1.0000	750
378	1.0000	750
39亿	1.0000	750
12.7%	1.0000	749
72万	1.0000	749
几百亿	1.0000	749
0.50	1.0000	747
1180	1.0000	747
528	1.0000	747
14.9%	1.0000	745
0.48	1.0000	744
0.54%	1.0000	744
1288	1.0000	744
611	1.0000	744
二十七	1.0000	744
0.24%	1.0000	743
0.65	1.0000	743
0.43%	1.0000	742
1024	1.0000	742
63万	1.0000	742
830	1.0000	741
08:30	1.0000	740
1.25%	1.0000	740
0.38%	1.0000	739
15.8%	1.0000	739
1514	1.0000	739
第七十四	1.0000	739
1573	1.0000	738
2019第三	1.0000	738
342	1.0000	737
4.75	1.0000	737
802.11	1.0000	737
0.99%	1.0000	736
10,000	1.0000	736
1380	1.0000	736
230亿	1.0000	736
273万	1.0000	736
353	1.0000	736
第几	1.0000	735
0.39	1.0000	734
1950	1.0000	734
503	1.0000	734
1507	1.0000	733
17.9%	1.0000	733
7600	1.0000	733
三两	1.0000	733
1919	1.0000	732
3.7万	1.0000	731
0771	1.0000	730
2760	1.0000	730
3.9亿	1.0000	730
0311	1.0000	729
一两千	1.0000	729
1.14亿	1.0000	728
5.3亿	1.0000	728
9600	1.0000	728
1495	1.0000	727
1504	1.0000	727
17.5%	1.0000	727
21000	1.0000	727
4.3万	1.0000	727
1516	1.0000	726
500%	1.0000	726
两三万	1.0000	726
0.47	1.0000	725
0.31%	1.0000	723
1.65亿	1.0000	723
15.9%	1.0000	723
1517	1.0000	723
1440	1.0000	722
1.04亿	1.0000	721
2035	1.0000	721
1.45亿	1.0000	720
54万	1.0000	718
0.39%	1.0000	717
0.49%	1.0000	717
240亿	1.0000	717
10.8	1.0000	716
数千亿	1.0000	716
0.46	1.0000	714
七千	1.0000	714
15％	1.0000	713
392	1.0000	713
412	1.0000	713
56亿	1.0000	713
88888	1.0000	713
八九十	1.0000	713
0577	1.0000	712
18.5	1.0000	712
4.6万	1.0000	712
0.34%	1.0000	711
6千	1.0000	711
0.32%	1.0000	710
0.57%	1.0000	710
396	1.0000	710
1.75亿	1.0000	709
2.25亿	1.0000	709
340亿	1.0000	709
601099	1.0000	709
14.2%	1.0000	708
0.5万	1.0000	707
20.5%	1.0000	707
3％	1.0000	707
4.7亿	1.0000	707
5.00	1.0000	707
5.4亿	1.0000	707
0.50%	1.0000	706
1.12	1.0000	706
58亿	1.0000	706
688	1.0000	706
第七十三	1.0000	705
4.4亿	1.0000	704
5.6亿	1.0000	704
6.18	1.0000	704
606	1.0000	703
70％	1.0000	703
第九十九	1.0000	703
1.33亿	1.0000	702
49万	1.0000	702
382	1.0000	701
14.8%	1.0000	700
380亿	1.0000	700
890	1.0000	700
2.75%	1.0000	699
397	1.0000	699
41亿	1.0000	699
5.7亿	1.0000	699
18888	1.0000	698
6700	1.0000	698
602	1.0000	697
10千	1.0000	696
4.0%	1.0000	696
625	1.0000	696
0.27%	1.0000	695
373	1.0000	695
67亿	1.0000	695
000001	1.0000	694
1.50	1.0000	694
4200万	1.0000	694
432	1.0000	694
0.56%	1.0000	692
1330	1.0000	692
485	1.0000	692
0.48%	1.0000	691
0.63	1.0000	691
1.12亿	1.0000	691
523	1.0000	691
576	1.0000	691
上千亿	1.0000	691
0.49	1.0000	690
0.78%	1.0000	690
380万	1.0000	689
1.22亿	1.0000	688
1.11%	1.0000	685
0.52%	1.0000	684
5.8亿	1.0000	684
0.41	1.0000	683
10.6	1.0000	683
2.75	1.0000	683
51亿	1.0000	683
0451	1.0000	682
百分之五	1.0000	682
0.52	1.0000	681
1.17亿	1.0000	680
1994	1.0000	680
0.36%	1.0000	679
85亿	1.0000	679
百分之三十	1.0000	679
19.5%	1.0000	678
419	1.0000	678
10.00	1.0000	677
16.6%	1.0000	676
3.1万	1.0000	676
372	1.0000	676
0.44	1.0000	675
1360	1.0000	675
67万	1.0000	675
100.00	1.0000	674
12358	1.0000	674
38.2%	1.0000	674
99.99%	1.0000	674
376	1.0000	673
3:1	1.0000	673
五千万	1.0000	673
12.5万	1.0000	672
389	1.0000	672
3999	1.0000	672
40.00	1.0000	672
0.55%	1.0000	671
1.43亿	1.0000	671
1210	1.0000	671
420万	1.0000	671
444	1.0000	671
18.5%	1.0000	670
1.31亿	1.0000	669
110%	1.0000	669
18.9	1.0000	669
0.68%	1.0000	668
10000万	1.0000	668
115万	1.0000	668
64万	1.0000	668
0558	1.0000	667
40％	1.0000	667
480万	1.0000	667
1.01亿	1.0000	666
1.34亿	1.0000	666
10658000	1.0000	666
15.7%	1.0000	666
413	1.0000	666
516	1.0000	666
1.16亿	1.0000	665
13.9%	1.0000	665
仨	0.9278	617
395	1.0000	664
458	1.0000	664
9000亿	1.0000	664
1.39亿	1.0000	663
367	1.0000	663
910	1.0000	663
1992	1.0000	662
0551	1.0000	661
07分	1.0000	661
3100万	1.0000	661
54亿	1.0000	661
四五百	1.0000	661
第六十一	1.0000	661
0.45%	1.0000	660
1,000	1.0000	660
1.07亿	1.0000	660
3800万	1.0000	660
1.47亿	1.0000	659
409	1.0000	659
第八十六	1.0000	659
0.20%	1.0000	658
370万	1.0000	658
5.4万	1.0000	658
468	1.0000	657
5.0%	1.0000	657
0.40	1.0000	656
17.8%	1.0000	656
455	1.0000	656
506	1.0000	656
0.63%	1.0000	655
489	1.0000	655
5.6万	1.0000	655
90％	1.0000	655
七万	1.0000	655
第六十九	1.0000	655
140%	1.0000	654
608	1.0000	654
027	1.0000	653
1.30	1.0000	652
1.38亿	1.0000	652
27000	1.0000	652
1399	1.0000	651
465	1.0000	651
三四百	1.0000	651
0.67%	1.0000	649
十五万	1.0000	649
16.3%	1.0000	648
0.46%	1.0000	647
1988	1.0000	647
5,000万	1.0000	647
1.56亿	1.0000	645
1.68亿	1.0000	645
⑦	1.0000	645
1.24亿	1.0000	644
0.71%	1.0000	641
15.2%	1.0000	641
452	1.0000	641
601818	1.0000	641
1513	1.0000	640
63亿	1.0000	640
8600	1.0000	640
91亿	1.0000	640
0.76%	1.0000	639
125万	1.0000	639
190亿	1.0000	639
1993	1.0000	639
125亿	1.0000	638
6万亿	1.0000	638
十数	1.0000	638
023	1.0000	637
1.95亿	1.0000	637
23.6%	1.0000	637
407	1.0000	637
504	1.0000	637
482	1.0000	636
第48	1.0000	636
1.09亿	1.0000	635
49亿	1.0000	635
一颗颗	1.0000	635
第一百七十一	1.0000	635
第九十	1.0000	635
第二百六十六	1.0000	635
135万	1.0000	634
1888	1.0000	634
0.51	1.0000	633
1.46亿	1.0000	633
414	1.0000	633
422	1.0000	633
1.53亿	1.0000	632
1250万	1.0000	632
5.2万	1.0000	632
第七十五	1.0000	632
0.41%	1.0000	631
0.43	1.0000	630
1.43%	1.0000	630
438	1.0000	630
57亿	1.0000	630
0000	0.9984	628
1800亿	1.0000	629
12.5亿	1.0000	628
20.4%	1.0000	628
1.1万亿	1.0000	627
1983	1.0000	627
2160	1.0000	627
72亿	1.0000	627
770	1.0000	627
1.36亿	1.0000	626
1.32亿	1.0000	625
15.4%	1.0000	625
22.5%	1.0000	625
270亿	1.0000	625
29.9	1.0000	625
603	1.0000	625
1400亿	1.0000	624
16.1%	1.0000	624
685	1.0000	624
1700亿	1.0000	623
三四千	1.0000	623
1.21%	1.0000	622
12.9	1.0000	622
4.4万	1.0000	622
446	1.0000	622
18.3%	1.0000	621
756	1.0000	621
三千万	1.0000	621
1357	1.0000	620
21.5%	1.0000	619
1.55亿	1.0000	618
0.77%	1.0000	617
1130	1.0000	617
16.5	1.0000	617
18.8%	1.0000	617
411	1.0000	617
76万	1.0000	617
98万	1.0000	617
4.1亿	1.0000	616
19.7%	1.0000	615
0.53%	1.0000	614
1.20	1.0000	614
1.58亿	1.0000	614
1580	1.0000	614
18.6%	1.0000	614
36000	1.0000	614
381	1.0000	614
002450	1.0000	613
379	1.0000	613
二百万	1.0000	613
百分	0.9869	605
0.74%	1.0000	612
6100	1.0000	612
1020	1.0000	611
374	1.0000	610
一两万	1.0000	610
210亿	1.0000	609
426	1.0000	609
7.8亿	1.0000	609
718	1.0000	609
第六十五	1.0000	609
0.44%	1.0000	608
12500	1.0000	608
200000	1.0000	608
86万	1.0000	608
6.8万	1.0000	607
一层层	1.0000	607
17.2%	1.0000	606
18.2%	1.0000	606
9900	1.0000	606
一对	0.9967	604
0.69	1.0000	604
1.69亿	1.0000	604
14.1%	1.0000	604
23:59	1.0000	604
280亿	1.0000	604
448	1.0000	604
7.6亿	1.0000	604
850万	1.0000	604
433	1.0000	603
三亿	1.0000	603
第一百三十三	1.0000	603
0.61%	1.0000	602
1199	1.0000	602
707	1.0000	602
0.47%	1.0000	601
15.5	1.0000	601
好几百	1.0000	601
0322	1.0000	600
2.50	1.0000	600
半辈子	1.0000	600
0.59%	1.0000	599
022	1.0000	599
37.5%	1.0000	599
0.85%	1.0000	598
1.11亿	1.0000	598
1502	1.0000	598
25％	1.0000	598
615	1.0000	598
16.2%	1.0000	597
300024	1.0000	597
469	1.0000	597
558	1.0000	597
1506	1.0000	596
383	1.0000	596
5.25	1.0000	596
5.75	1.0000	596
61.8%	1.0000	596
1.57亿	1.0000	595
第55	1.0000	595
0591	1.0000	594
1010	1.0000	594
2900万	1.0000	594
417	1.0000	594
533	1.0000	594
852	1.0000	594
0.79%	1.0000	593
387	1.0000	593
九五	0.9781	580
0.99	1.0000	592
1.03%	1.0000	592
105亿	1.0000	592
12365	1.0000	592
7:30	1.0000	592
第七十二	1.0000	592
1.97亿	1.0000	591
20.7%	1.0000	591
4.7万	1.0000	591
1.03	1.0000	590
95亿	1.0000	590
0.51%	1.0000	589
17.6%	1.0000	589
66亿	1.0000	589
0.68	1.0000	588
1.00%	1.0000	588
439	1.0000	588
545	1.0000	588
12:30	1.0000	587
1818	1.0000	587
2.25	1.0000	587
442	1.0000	587
427	1.0000	586
5.15	1.0000	586
535	1.0000	586
9.5亿	1.0000	586
0.30%	1.0000	585
0581	1.0000	585
521	1.0000	585
四五千	1.0000	585
33.3%	1.0000	584
475	1.0000	584
1.35	1.0000	583
1.44亿	1.0000	583
2200亿	1.0000	583
1.4万亿	1.0000	582
811	1.0000	582
1.8T	1.0000	585
0.64%	1.0000	581
16.9%	1.0000	581
436	1.0000	581
451	1.0000	581
一块块	1.0000	581
394	1.0000	580
476	1.0000	580
509	1.0000	580
一家家	1.0000	580
0536	1.0000	579
1.51亿	1.0000	578
12.2	1.0000	578
19.8%	1.0000	578
1910	1.0000	578
2:1	1.0000	578
78亿	1.0000	578
82万	1.0000	578
1.10	1.0000	577
17.7%	1.0000	577
1909	1.0000	577
1991	1.0000	577
3700万	1.0000	577
459	1.0000	577
5200万	1.0000	577
0.56	1.0000	576
1.19亿	1.0000	576
10.25	1.0000	576
119亿	1.0000	576
12.4	1.0000	576
5600万	1.0000	576
60％	1.0000	576
0.61	1.0000	575
1.67亿	1.0000	575
4600万	1.0000	575
三十五	0.9983	574
0512	1.0000	574
340万	1.0000	574
3630	1.0000	574
658	1.0000	574
763	1.0000	574
第一百	1.0000	574
0.97%	1.0000	573
21.6%	1.0000	573
3389447	1.0000	573
391	1.0000	573
449	1.0000	573
483	1.0000	573
1.52亿	1.0000	572
5.8万	1.0000	572
12309	1.0000	571
13.5万	1.0000	571
1340	1.0000	571
16.4%	1.0000	571
570万	1.0000	571
二零一九	1.0000	571
145亿	1.0000	570
0.88	1.0000	569
1.47%	1.0000	569
430万	1.0000	569
460万	1.0000	569
第六十六	1.0000	569
612	1.0000	568
万分之一	1.0000	568
第47	1.0000	568
0543	1.0000	567
1.08	1.0000	567
1.23%	1.0000	567
5.50	1.0000	567
0.72%	1.0000	566
371	1.0000	566
7200万	1.0000	566
424	1.0000	565
604	1.0000	565
77万	1.0000	565
1.14	1.0000	564
1.74%	1.0000	564
3.50	1.0000	564
5.1亿	1.0000	564
1.06%	1.0000	563
9.5万	1.0000	563
0.98	1.0000	562
1040万	1.0000	561
15.1%	1.0000	561
478	1.0000	561
320亿	1.0000	560
0.86%	1.0000	559
22.5	1.0000	559
23:30	1.0000	559
605	1.0000	559
850亿	1.0000	559
1.11	1.0000	558
3.75	1.0000	558
6.6亿	1.0000	558
1.42亿	1.0000	557
〇	1.0000	557
0.83	1.0000	556
000万	1.0000	556
17.4%	1.0000	556
3.9万	1.0000	556
7万亿	1.0000	556
447	1.0000	555
8.0%	1.0000	555
3400万	1.0000	554
441	1.0000	554
0.74	1.0000	553
19.5	1.0000	553
2.75亿	1.0000	553
良久	0.9982	552
538	1.0000	552
5:30	1.0000	552
6.8亿	1.0000	552
8万亿	1.0000	552
0.53	1.0000	551
1.21亿	1.0000	551
1.48亿	1.0000	551
377	1.0000	551
3980	1.0000	551
507	1.0000	551
517	1.0000	551
61万	1.0000	551
10.00%	1.0000	550
4.9亿	1.0000	550
711	1.0000	550
83万	1.0000	550
19.4%	1.0000	549
495	1.0000	549
519	1.0000	549
三十二	1.0000	549
0.62%	1.0000	548
0.82%	1.0000	548
1.35%	1.0000	548
4.35%	1.0000	548
1.13	1.0000	547
1705	1.0000	547
431	1.0000	546
595	1.0000	546
一辆辆	1.0000	546
第54	1.0000	546
53亿	1.0000	545
59万	1.0000	545
0.81%	1.0000	544
000651	1.0000	544
567	1.0000	544
7300	1.0000	544
0.57	1.0000	543
百分之二十	1.0000	543
0.76	1.0000	542
0.83%	1.0000	542
463	1.0000	542
5900	1.0000	542
4300万	1.0000	541
918	1.0000	541
1.02	1.0000	540
429	1.0000	540
520万	1.0000	540
1030	1.0000	539
1270	1.0000	539
1:2	1.0000	539
457	1.0000	539
522	1.0000	539
532	1.0000	539
7700	1.0000	539
7千	1.0000	539
0.96%	1.0000	538
19.9%	1.0000	538
6.6万	1.0000	538
7400	1.0000	538
第100	1.0000	538
0.54	1.0000	537
479	1.0000	537
821	1.0000	537
973	1.0000	537
19.2%	1.0000	536
524	1.0000	536
600050	1.0000	536
8400	1.0000	536
1.13%	1.0000	535
18.1%	1.0000	535
1911	1.0000	535
27.5%	1.0000	535
一二十	1.0000	535
0871	1.0000	534
1.45	1.0000	534
100.00%	1.0000	534
13.4	1.0000	534
527	1.0000	534
7.2亿	1.0000	534
909	1.0000	534
1.65	1.0000	533
940	1.0000	533
0.82	1.0000	532
11.7	1.0000	532
1970	1.0000	532
4100万	1.0000	532
919	1.0000	532
第70	1.0000	532
第71	1.0000	532
第七十七	1.0000	532
0.86	1.0000	531
0.92	1.0000	531
18.4%	1.0000	531
443	1.0000	531
462	1.0000	531
5.7万	1.0000	531
550亿	1.0000	531
6666	1.0000	531
三六	0.9058	481
1.63亿	1.0000	530
1314	1.0000	530
600837	1.0000	530
四十万	1.0000	530
第二百八十四	1.0000	530
0.94%	1.0000	529
11.8	1.0000	529
1488	1.0000	529
2250	1.0000	529
3.25	1.0000	528
486	1.0000	528
768	1.0000	528
0.64	1.0000	527
0.72	1.0000	527
0.89%	1.0000	527
1498	1.0000	527
5千万	1.0000	527
64亿	1.0000	527
680万	1.0000	527
98亿	1.0000	527
五六百	1.0000	527
半截	1.0000	527
13.1	1.0000	526
0.73%	1.0000	525
0106	1.0000	525
0112	1.0000	525
423	1.0000	525
526	1.0000	525
第52	1.0000	525
1120	1.0000	524
62亿	1.0000	524
76676	1.0000	524
9.0%	1.0000	524
1.22	1.0000	523
8900	1.0000	523
0.67	1.0000	522
1.98亿	1.0000	522
1978	1.0000	522
25.1%	1.0000	522
4.1万	1.0000	522
0.62	1.0000	521
1.6万亿	1.0000	521
12319	1.0000	521
18.7%	1.0000	521
453	1.0000	521
802	1.0000	521
052	1.0000	520
1.01%	1.0000	520
2.15亿	1.0000	520
20.6%	1.0000	520
511	1.0000	520
580万	1.0000	520
6.3万	1.0000	520
616	1.0000	520
0.87%	1.0000	519
1985	1.0000	519
32000	1.0000	519
21.4%	1.0000	518
23.4%	1.0000	518
73万	1.0000	518
第73	1.0000	518
008	1.0000	517
018	1.0000	517
1.18	1.0000	517
1.86亿	1.0000	517
1810	1.0000	517
466	1.0000	517
6.7亿	1.0000	517
628	1.0000	517
68亿	1.0000	517
8195	1.0000	517
1.16	1.0000	516
1.44%	1.0000	516
1.53%	1.0000	516
5,000	1.0000	516
5.35	1.0000	516
第72	1.0000	516
0.58	1.0000	515
1.41亿	1.0000	515
1.54亿	1.0000	515
1512	1.0000	515
5.3万	1.0000	515
609	1.0000	515
0.78	1.0000	514
1.89亿	1.0000	514
12.8	1.0000	514
14.2	1.0000	514
3500亿	1.0000	514
0.0	1.0000	513
1.05%	1.0000	513
393	1.0000	513
6900	1.0000	513
1.62亿	1.0000	512
19.3%	1.0000	512
2.17亿	1.0000	512
21.3%	1.0000	512
705	1.0000	512
五六千	1.0000	512
0.79	1.0000	511
0.88%	1.0000	511
10.0	1.0000	511
10.9	1.0000	511
590万	1.0000	511
675	1.0000	511
686	1.0000	511
870	1.0000	511
903	1.0000	511
1.14%	1.0000	510
1.96亿	1.0000	510
1310	1.0000	510
108万	1.0000	509
22.7%	1.0000	509
7.8万	1.0000	509
1.59亿	1.0000	508
1.77亿	1.0000	508
12.7	1.0000	508
155万	1.0000	508
1780	1.0000	508
665	1.0000	508
678	1.0000	508
7.4亿	1.0000	508
0.92%	1.0000	507
2.55亿	1.0000	507
3.75亿	1.0000	507
3750	1.0000	507
七十二	1.0000	507
三四五	1.0000	507
第一百七十	1.0000	507
0.97	1.0000	506
175亿	1.0000	506
第八十七	1.0000	506
2.16亿	1.0000	505
454	1.0000	505
472	1.0000	505
481	1.0000	505
560万	1.0000	505
585	1.0000	505
九万	1.0000	505
0.77	1.0000	504
1.65%	1.0000	504
21.5	1.0000	504
601688	1.0000	504
第53	1.0000	504
310万	1.0000	503
568	1.0000	503
0951	1.0000	502
1.12%	1.0000	502
14:45	1.0000	502
22.2%	1.0000	502
496	1.0000	502
704	1.0000	502
1140	1.0000	501
2980	1.0000	501
390万	1.0000	501
4.00	1.0000	501
45.00	1.0000	501
0.71	1.0000	500
1630	1.0000	500
17121	1.0000	500
20.3%	1.0000	500
474	1.0000	500
1.4T	1.0000	1177
一段段	1.0000	500
❷	1.0000	358
❹	1.0000	179
❺	1.0000	111
仟	1.0000	88